## Data in AMPL format

param Tm := 5 ;
param Im := 41 ;
param Sm := 10;

param a :=
1 15159460.21
2 3696842.829
3 480426.2951
4 783364.7101
5 3719653.632
6 3414088.422
7 3989176.749
8 5522330.342
9 2515499.906
10 434362.3129
11 311831.2053
12 1389637.507
13 2629871.073
14 5145615.229
15 2315054.847
16 2038962.166
17 8790508.6
18 1324150.076
19 918322.229
20 1220976.379
21 908135.3502
22 21132453.2
23 666524.1768
24 5172952.926
25 1168845.73
26 19393800.54
27 890335.3931
28 700000.00
29 529719.7567
30 248904.8063
31 582051.3959
32 271620.8089
33 386000.00
34 394871.9143
35 84101.06565
36 46141.44487
37 594143.5096
38 118900.753
39 36972.1715
40 8131.523571
41 110685.9691;

param b:	1	2	3	4	5	6	7	8	9	10	:=
1	2500000.00	3000000.00	3500000.00	4000000.00	4500000.00	5000000.00	5500000.00	6000000.00	6500000.00	7000000.00	
2	2500000.00	3000000.00	3500000.00	4000000.00	4500000.00	5000000.00	5500000.00	6000000.00	6500000.00	7000000.00	
3	2500000.00	3000000.00	3500000.00	4000000.00	4500000.00	5000000.00	5500000.00	6000000.00	6500000.00	7000000.00	
4	2500000.00	3000000.00	3500000.00	4000000.00	4500000.00	5000000.00	5500000.00	6000000.00	6500000.00	7000000.00	
5	2500000.00	3000000.00	3500000.00	4000000.00	4500000.00	5000000.00	5500000.00	6000000.00	6500000.00	7000000.00	;

param c :  1      2      3      4      5 :=
1 0.0000 77600.0000 91040.0000 6515.0000 6532.5000
2 0.0000 104166.6667 0.0000 0.0000 0.0000
3 23036.9006 0.0000 0.0000 0.0000 0.0000
4 48933.3333 0.0000 0.0000 0.0000 0.0000
5 248800.0000 0.0000 0.0000 0.0000 0.0000
6 341215.3395 0.0000 0.0000 0.0000 0.0000
7 400000.0000 0.0000 0.0000 0.0000 0.0000
8 0.0000 397090.0000 260010.0000 0.0000 0.0000
9 96121.0000 99801.9450 100183.0300 0.0000 0.0000
10 0.0000 68051.2500 0.0000 0.0000 0.0000
11 50000.0000 0.0000 0.0000 0.0000 0.0000
12 127456.9883 113079.3607 0.0000 0.0000 0.0000
13 259419.6755 253555.6274 0.0000 0.0000 0.0000
14 320100.0000 631350.0000 134820.0000 0.0000 0.0000
15 215000.0000 252517.8000 83631.2000 0.0000 0.0000
16 0.0000 0.0000 0.0000 345416.1963 541809.2234
17 1107589.0912 1551452.9019 417146.8252 0.0000 0.0000
18 0.0000 140086.9050 366237.4215 81465.9867 0.0000
19 0.0000 92404.7425 231724.2599 147812.7132 0.0000
20 0.0000 0.0000 156929.2875 350132.3631 173717.0584
21 0.0000 92404.7425 231724.2599 147972.6559 0.0000
22 0.0000 0.0000 2666418.7500 7706932.7835 5741238.4657
23 425000.0000 0.0000 0.0000 0.0000 0.0000
24 2125190.2775 2121530.0563 0.0000 0.0000 0.0000
25 0.0000 0.0000 205487.5125 932200.8884 88455.6704
26 0.0000 0.0000 317750.0000 5413058.7225 16641829.8998
27 100000.0000 200000.0000 200000.0000 200000.0000 200000.0000
28 0.0000 350000.0000 350000.0000 0.0000 0.0000
29 160000.0000 160000.0000 160000.0000 160000.0000 160000.0000
30 0.0000 0.0000 0.0000 116818.0097 351304.0899
31 0.0000 950000.0000 0.0000 0.0000 0.0000
32 410000.0000 0.0000 0.0000 0.0000 0.0000
33 150000.0000 200000.0000 150000.0000 150000.0000 150000.0000
34 0.0000 0.0000 0.0000 622038.3297 888935.6473
35 236366.6667 3000.0000 3000.0000 3000.0000 6000.0000
36 153360.0000 0.0000 0.0000 0.0000 0.0000
37 0.0000 725664.5909 1283478.5772 506300.4975 781715.8963
38 183000.0000 424100.0000 0.0000 0.0000 0.0000
39 144618.1811 43111.6520 0.0000 0.0000 0.0000
40 51500.0000 0.0000 0.0000 0.0000 0.0000
41 0.0000 0.0000 0.0000 537095.4613 968393.3416 ;


param q:=
1 0.012
2 0.019
3 0.032
4 0.052
5 0.086
6 0.142
7 0.235
8 0.188
9 0.141
10 0.093 ;