## Data in AMPL format

param Tm := 5 ;
param Im := 9 ;
param Sm := 10;

param a :=
1 2.315
2 0.824
3 22.459
4 60.589
5 0.667
6 5.173
7 4.003
8 0.582
9 0.122 ;

param b:	1	2	3	4	5	6	7	8	9	10	:=
1	0.665	1.665	2.665	3.665	4.665	5.665	6.665	7.665	8.665	9.665	
2	4.712	5.712	6.712	7.712	8.712	9.712	10.712	11.712	12.712	13.712	
3	9.642	10.642	11.642	12.642	13.642	14.642	15.642	16.642	17.642	18.642	
4	3.458	4.458	5.458	6.458	7.458	8.458	9.458	10.458	11.458	12.458	
5	1.683	2.683	3.683	4.683	5.683	6.683	7.683	8.683	9.683	10.683	;


param c :  1      2      3      4      5 :=
        1  0.219  0.257  0.085  0      0
        2  0      0      0.122  0.103  0.013
        3  5.044  1.839  0      0      0
        4  6.740  6.134  10.442 0      0
        5  0.425  0      0      0      0
        6  2.125  2.122  0      0      0
        7  2.387  0.190  0.012  2.383  0.192
        8  0      0.950  0      0      0
        9  0.030  0.030  0.688  0      0 ;

param q:=
1 0.012
2 0.019
3 0.032
4 0.052
5 0.086
6 0.142
7 0.235
8 0.188
9 0.141
10 0.093 ;